186
151
224
290
355
532
535
540
579
757
1190
1236
1271
1394
1430
1470
1692
1712
1750
1820
1995
2219
2236
2258
2267
2338
2381
2443
2444
2490
2556
2906
2923
2925
2937
2950
3467
3513
3644
3689
3839
3875
3962
4111
4143
4262
4654
4655
4676
4801
5025
5112
5194
5197
5380
5422
5541
5578
5616
5665
5669
6025
6399
6416
6433
6467
6548
6814
6880
7007
7052
7409
7415
7436
7489
7522
7592
7792
7953
8013
8039
8147
8328
8382
8481
8572
8612
8667
8725
8728
8737
8752
8795
8862
9102
9205
9368
9425
9483
9494
9596
9661
9798
10027
10075
10080
10473
10498
10772
10817
10832
10916
10943
11029
11070
11116
11280
11595
11658
11708
11865
11898
11964
12102
12205
12267
12277
12279
12343
12392
12521
12649
12739
12969
12981
13117
13192
13483
13708
13981
14084
14113
14314
14325
14463
14643
14720
14845
14920
14980
15202
15460
15528
15570
15599
15719
15765
15900
16051
16163
16168
16649
16902
17045
17067
17096
17264
17321
17356
17636
17713
17742
18000
18072
18083
18389
18621
18754
18836
18940
19403
19610
19886
19914
19920
19930
19986
20000
